 M   1   8    34.2    53.4    33.3    29.8   6   122.9    53.5    33.4    29.8
 D   2  64   122.9    51.0    39.2   99999  57   119.1    51.1    39.2   99999
 I   3  31   119.2    57.8    37.9    25.9  30   127.1    57.8    38.0    26.0
 D   4   3   127.3    48.1    40.8   99999   2   131.3    48.1    40.8   99999
 P   5  20   131.4    61.6    29.4    23.6  18   114.2    61.5    29.4    23.5
 Y   6  92   114.3    57.7    36.2   99999  83   122.0    57.7    36.0   99999
 K   7  74   122.0    58.6    30.8    24.6  66   114.1    58.7    30.6   99999
 E   8  45   114.1    52.4    28.4    33.7  43   115.7    52.3    28.5    33.7
 F   9  89   115.6    55.4    37.9   99999   0     0.0     0.0     0.0     0.0
 G  10  30   101.4    43.9   99999   99999  29   116.4    44.0   99999   99999
 A  11  75   116.4    46.9    20.1   99999  68   100.7    46.9    20.1   99999
 T  12  12   100.8    57.1    72.6    21.2  11   119.5    57.1    72.6    21.2
 V  13  13   119.6    64.2    30.2    19.6   0     0.0     0.0     0.0     0.0
 E  14   0     0.0     0.0     0.0     0.0   0     0.0     0.0     0.0     0.0
 L  15 104   118.9    60.6    37.8   99999  64   111.6    60.7    37.8   99999
 L  16   0     0.0     0.0     0.0     0.0   0     0.0     0.0     0.0     0.0
 S  17   0     0.0     0.0     0.0     0.0   9   119.7    59.8    61.1   99999
 F  18  15   119.7    56.4    40.3   99999  25   117.0    56.4    40.3   99999
 L  19   0     0.0     0.0     0.0     0.0   0     0.0     0.0     0.0     0.0
 P  20   0     0.0     0.0     0.0     0.0  12   113.2    63.3    30.3   99999
 S  21  42   113.1    57.4    62.5   99999  40   129.6    57.4    62.5   99999
 D  22   0     0.0     0.0     0.0     0.0   0     0.0     0.0     0.0     0.0
 F  23  72   114.0    61.1    37.7   99999  65   118.4    61.2    37.7   99999
 F  24   0     0.0     0.0     0.0     0.0   0     0.0     0.0     0.0     0.0
 P  25  41   130.5    60.0    30.5    26.1  39   111.5    60.0    30.6    25.9
 S  26  33   111.6    55.4    61.9   99999  32   128.6    55.5    61.8   99999
 V  27   0     0.0     0.0     0.0     0.0   0     0.0     0.0     0.0     0.0
 R  28  80   123.4    52.2    34.9    30.6  72   122.6    52.4    34.9   99999
 D  29   0     0.0     0.0     0.0     0.0   0     0.0     0.0     0.0     0.0
 L  30  27   116.0    56.3    39.1   99999   0     0.0     0.0     0.0     0.0
 L  31   0     0.0     0.0     0.0     0.0  79   109.2    57.5    37.7   99999
 D  32  57   109.1    55.1    37.3   99999  78   108.4    54.9    37.1   99999
 T  33   0     0.0     0.0     0.0     0.0   0     0.0     0.0     0.0     0.0
 A  34  54   118.8    53.6    15.1   99999  51   114.1    53.6    15.1   99999
 S  35  11   114.3    60.9    59.7   99999  10   121.8    60.9    59.7   99999
 A  36  17   121.9    52.8    14.3   99999  15   113.2    52.9    14.4   99999
 L  37   0     0.0     0.0     0.0     0.0   0     0.0     0.0     0.0     0.0
 Y  38   0     0.0     0.0     0.0     0.0   0     0.0     0.0     0.0     0.0
 R  39   0     0.0     0.0     0.0     0.0  91   113.8    57.1    29.2   99999
 E  40  58   113.8    54.4    30.8   99999  54   117.6    54.4    30.8   99999
 A  41  66   117.5    52.6    17.1   99999  60   114.9    52.7    17.0   99999
 L  42   0     0.0     0.0     0.0     0.0   0     0.0     0.0     0.0     0.0
 E  43   0     0.0     0.0     0.0     0.0   0     0.0     0.0     0.0     0.0
 S  44  49   106.9    57.4    61.3   99999   0     0.0     0.0     0.0     0.0
 P  45   0     0.0     0.0     0.0     0.0   0     0.0     0.0     0.0     0.0
 E  46   0     0.0     0.0     0.0     0.0   0     0.0     0.0     0.0     0.0
 H  47   0     0.0     0.0     0.0     0.0   0     0.0     0.0     0.0     0.0
 A  48   0     0.0     0.0     0.0     0.0  67   111.1    53.4    16.4   99999
 S  49  21   111.2    55.3    62.7   99999  19   117.0    55.3    62.7   99999
 P  50   0     0.0     0.0     0.0     0.0   0     0.0     0.0     0.0     0.0
 H  51  97   115.8    56.4    25.3   99999  87   113.4    56.5    25.4   99999
 H  52 101   113.4    57.0    25.8   99999   0     0.0     0.0     0.0     0.0
 T  53  43   113.1    65.9    67.3    19.6  41   118.3    65.9    67.4    19.7
 A  54  59   118.3    54.2    16.0   99999  55   115.5    54.2    16.1   99999
 L  55  94   115.5    53.8    38.6   99999  85   119.3    53.9    38.5   99999
 R  56   0     0.0     0.0     0.0     0.0   0     0.0     0.0     0.0     0.0
 Q  57  86   108.1    55.2    26.0   99999  81   119.2    55.3    26.1   99999
 A  58  63   119.0    53.6    17.0   99999  56   114.4    53.6    17.0   99999
 I  59   6   114.3    64.2    36.6    28.2   5   116.3    64.2    36.6    28.1
 L  60   0     0.0     0.0     0.0     0.0   0     0.0     0.0     0.0     0.0
 C  61   0     0.0     0.0     0.0     0.0   0     0.0     0.0     0.0     0.0
 W  62   0     0.0     0.0     0.0     0.0  76    98.9    58.1    28.8   99999
 G  63   5    99.1    45.5   99999   99999  44   114.9    45.3   99999   99999
 E  64  53   114.9    55.6    28.2    35.5  50   111.5    55.6    28.3    35.4
 L  65  61   111.6    51.2    37.7   99999  75   115.2    51.2    37.7   99999
 M  66  91   115.1    57.9    37.4   99999   0     0.0     0.0     0.0     0.0
 T  67  50   116.3    59.0    67.7    18.2  46   139.2    59.1    67.7   99999
 L  68   0     0.0     0.0     0.0     0.0  73   108.9    55.2    40.6   99999
 A  69  70   108.7    52.9    16.7   99999  62   108.5    52.7    16.8   99999
 T  70  22   108.7    63.0    67.7    19.5   0     0.0     0.0     0.0     0.0
 W  71  14   115.8    60.4    27.9   112.9  13   113.0    60.4    27.9   112.9
 V  72  65   113.0    58.7    29.2   99999  58   108.2    58.7    29.2   99999
 G  73   0     0.0     0.0     0.0     0.0   0     0.0     0.0     0.0     0.0
 N  74   0     0.0     0.0     0.0     0.0   0     0.0     0.0     0.0     0.0
 N  75   0     0.0     0.0     0.0     0.0   0     0.0     0.0     0.0     0.0
 L  76   0     0.0     0.0     0.0     0.0   0     0.0     0.0     0.0     0.0
 E  77   0     0.0     0.0     0.0     0.0   0     0.0     0.0     0.0     0.0
 D  78   0     0.0     0.0     0.0     0.0   0     0.0     0.0     0.0     0.0
 P  79   0     0.0     0.0     0.0     0.0   0     0.0     0.0     0.0     0.0
 A  80   0     0.0     0.0     0.0     0.0   0     0.0     0.0     0.0     0.0
 S  81   0     0.0     0.0     0.0     0.0   0     0.0     0.0     0.0     0.0
 R  82  16   117.3    59.7    28.5    24.9  89   111.8    59.8    28.5    25.0
 D  83  37   112.0    55.5    37.7   99999  36   117.3    55.4    37.7   99999
 L  84  78   117.5    58.2    40.9   99999  69   114.8    58.2    40.9   99999
 V  85  35   114.8    64.4    30.1   99999  35   116.5    64.4    30.2   99999
 V  86  60   116.7    65.9   99999    20.0  47   114.7    65.8    29.2   99999
 N  87  96   114.6    49.8    37.9   99999   0     0.0     0.0     0.0     0.0
 Y  88   0     0.0     0.0     0.0     0.0  26   117.1    55.9    39.3   99999
 V  89  56   117.0    65.8   99999    21.3   0     0.0     0.0     0.0     0.0
 N  90   0     0.0     0.0     0.0     0.0   0     0.0     0.0     0.0     0.0
 T  91   0     0.0     0.0     0.0     0.0   0     0.0     0.0     0.0     0.0
 N  92   0     0.0     0.0     0.0     0.0   0     0.0     0.0     0.0     0.0
 M  93  84   122.3    59.6    36.7   99999  70   101.6    59.8    36.7   99999
 G  94  18   101.4    45.3   99999   99999   4   120.4    45.5   99999   99999
 L  95  85   120.4    56.3    38.9   99999  24   114.5    56.3    39.1   99999
 K  96 103   114.7    61.6    29.0   99999   0     0.0     0.0     0.0     0.0
 I  97  19   114.4    63.8    36.3    29.6  17   114.5    63.8    36.3    29.6
 R  98  68   114.6    57.3    28.4    24.6  61   115.0    57.2    28.4   99999
 Q  99  62   114.9    54.2    28.7   99999   0     0.0     0.0     0.0     0.0
 L 100   0     0.0     0.0     0.0     0.0  88   108.5    54.8    39.4   99999
 L 101   7   108.4    53.8    41.3    25.3  77   109.0    53.9    41.1   99999
 W 102  82   109.2    57.9    27.1   99999   0     0.0     0.0     0.0     0.0
 F 103  79   118.8    59.8    36.6   99999  71   115.8    60.0    36.9   99999
 H 104  38   115.8    57.0    26.5   120.5  37   115.7    57.0    26.6   120.5
 I 105  44   115.8    56.5    42.7    25.3  42   112.8    56.5    42.8   99999
 S 106   0     0.0     0.0     0.0     0.0   0     0.0     0.0     0.0     0.0
 A 107   4   110.7    55.2    12.6   99999   3   113.1    55.1    12.6   99999
 L 108  83   112.9    55.7    39.0   99999  74   101.1    55.6    39.1   99999
 T 109  25   101.2    64.3   99999   99999  33   118.4    64.3    66.4    20.9
 F 110   0     0.0     0.0     0.0     0.0   0     0.0     0.0     0.0     0.0
 G 111  47   103.6    46.2   99999   99999  16   116.8    46.3   99999   99999
 R 112  99   116.7    58.0    27.1   99999  90   115.9    58.0    27.1   99999
 E 113   0     0.0     0.0     0.0     0.0   0     0.0     0.0     0.0     0.0
 T 114   0     0.0     0.0     0.0     0.0   0     0.0     0.0     0.0     0.0
 V 115  24   117.6    65.5    29.4   99999  22   115.7    65.4    29.5    18.2
 L 116  87   115.9    54.9    40.6   99999   0     0.0     0.0     0.0     0.0
 E 117   0     0.0     0.0     0.0     0.0   0     0.0     0.0     0.0     0.0
 Y 118  28   118.2    58.1    28.4   123.9  27   112.2    58.2    28.5   123.9
 L 119  98   112.1    53.3    37.9   99999  86   117.1    53.5    37.8   99999
 V 120  51   117.1    65.8    29.1    18.9   0     0.0     0.0     0.0     0.0
 S 121  10   112.2    59.5    61.1   99999   8   111.5    59.4    61.2   99999
 F 122  52   111.6    56.6    38.8   99999  49   106.3    56.7    38.7   99999
 G 123  40   106.3    42.4   99999   99999  38   121.3    42.4   99999   99999
 V 124  90   121.3    58.5    29.1   99999  59   113.5    58.6    29.1   99999
 W 125 100   113.6    58.4    26.4   99999  92   112.8    58.3    26.3   99999
 I 126  81   112.9    56.1    40.6   99999  14   114.4    56.3    40.5   99999
 R 127 102   114.3    57.0    27.0   99999   0     0.0     0.0     0.0     0.0
 T 128   0     0.0     0.0     0.0     0.0   0     0.0     0.0     0.0     0.0
 P 129  48   138.9    59.7    29.9    26.3  31   130.0    59.6    29.9    26.4
 P 130   9   129.9    63.3    30.4    25.4   7   109.2    63.2    30.4    25.3
 A 131  69   109.1    52.5    17.3   99999   0     0.0     0.0     0.0     0.0
 Y 132   2   118.0    61.6    28.6   123.8   1   118.2    61.6    28.3   123.8
 R 133  73   118.4    58.1    28.3   99999   0     0.0     0.0     0.0     0.0
 P 134  55   137.1    63.4   99999    25.9  23   105.5    63.4    30.4   99999
 P 135   0     0.0     0.0     0.0     0.0  48   113.7    63.3   99999    25.5
 N 136   0     0.0     0.0     0.0     0.0   0     0.0     0.0     0.0     0.0
 A 137  29   122.1    47.5    14.6   99999  28   128.9    47.5    14.6   99999
 P 138  32   128.9    60.5    29.3    25.4   0     0.0     0.0     0.0     0.0
 I 139   0     0.0     0.0     0.0     0.0   0     0.0     0.0     0.0     0.0
 L 140   0     0.0     0.0     0.0     0.0   0     0.0     0.0     0.0     0.0
 S 141  23   107.9    61.9    67.8   99999  21   112.7    61.9    67.9   99999
 T 142  34   112.9    64.3    66.3    20.9   0     0.0     0.0     0.0     0.0
 L 143   0     0.0     0.0     0.0     0.0   0     0.0     0.0     0.0     0.0
 P 144   0     0.0     0.0     0.0     0.0   0     0.0     0.0     0.0     0.0
 E 145   0     0.0     0.0     0.0     0.0   0     0.0     0.0     0.0     0.0
 T 146   0     0.0     0.0     0.0     0.0   0     0.0     0.0     0.0     0.0
 T 147   1   114.0    64.7   99999    19.9  34   122.2    64.5    66.7    19.9
 V 148  77   122.4    60.9    28.5    24.7   0     0.0     0.0     0.0     0.0
 V 149   0     0.0     0.0     0.0     0.0   0     0.0     0.0     0.0     0.0
 Z 999  26   111.8    58.7    30.2   115.4   0     0.0     0.0     0.0     0.0
 Z 999  36   114.8    61.5    24.4   111.9   0     0.0     0.0     0.0     0.0
 Z 999  39   124.2    47.4    13.9   99999   0     0.0     0.0     0.0     0.0
 Z 999  46   123.9    47.5    15.4   99999   0     0.0     0.0     0.0     0.0
 Z 999  67   112.3    56.5    42.7   99999   0     0.0     0.0     0.0     0.0
 Z 999  71   114.3    52.7    16.7   99999   0     0.0     0.0     0.0     0.0
 Z 999  76   100.8    47.0    20.2   99999   0     0.0     0.0     0.0     0.0
 Z 999  88   119.6    56.4    26.0   99999   0     0.0     0.0     0.0     0.0
 Z 999  93   113.5    54.9    26.0   99999   0     0.0     0.0     0.0     0.0
 Z 999  95   118.8    54.8    28.6   99999   0     0.0     0.0     0.0     0.0
 Z 999   0     0.0     0.0     0.0     0.0  20   111.0    63.1    67.8    19.4
 Z 999   0     0.0     0.0     0.0     0.0  45   118.3    57.7    61.3   99999
 Z 999   0     0.0     0.0     0.0     0.0  52   101.2    43.9   99999   99999
 Z 999   0     0.0     0.0     0.0     0.0  53   131.3    55.0    37.3   99999
 Z 999   0     0.0     0.0     0.0     0.0  63   101.6    45.3   99999   99999
 Z 999   0     0.0     0.0     0.0     0.0  80   106.8    53.1    37.5   99999
 Z 999   0     0.0     0.0     0.0     0.0  82   112.8    55.0    26.1    35.9
 Z 999   0     0.0     0.0     0.0     0.0  84   121.0    53.8    37.9   99999
 Z 999   0     0.0     0.0     0.0     0.0  93   109.3    53.6    38.3    25.3
